

Nova execucao:
0.636579572447		000110101110111111000101011110100000010100
0.62945368171		100001001001110101101111001111101101110100
0.627078384798		101111010110101100001000110110100000010001
0.627078384798		111001010010101111110111111000011011000110
0.624703087886		110000001110100000100110001111010010011110
0.624703087886		100100111110010000100100000001110010100101
0.622327790974		111111000000010110110110100111000111010110
0.622327790974		000110010010101110100101100010011110001010
0.619952494062		101000010011110100101000000001010011101100
0.619952494062		110001101101100110110010101011011000000100


Nova execucao:
0.591448931116		001000101110000010011101010000001000101110
0.581947743468		000000000000000100000000000000000000000000
0.581947743468		000000000000000100000000000000000000000000
0.581947743468		000000000000000100000000000000000000000000
0.581947743468		000000000000000100000000000000000000000000
0.581947743468		000000000000000100000000000000000000000000
0.577197149644		100110101100001010011001111010001101100110
0.572446555819		111000011110100111001011001011000101101101
0.570071258907		011110001100100100100000011111011101000100
0.567695961995		111000101111010111100011001000110001001100


Nova execucao:
0.650831353919		101110010100011111001010000110110110010111
0.648456057007		111111111111111111111111111111111111111110
0.648456057007		111111111111111111111110111111111111111111
0.648456057007		111111111111111111111110111111111111111111
0.648456057007		111111111111111111111110111111111111111111
0.648456057007		111111110111111111111111111111111111111111
0.648456057007		111111110111111111111111111111111111111111
0.648456057007		111111111111111111111111111111111111111110
0.648456057007		111101111111111111111111111111111111111111
0.648456057007		111111111111111111111110111111111111111111


Nova execucao:
0.648456057007		111111110111111111111111111111111111111111
0.648456057007		111111111111111111111111111101111111111111
0.648456057007		111111111111111111111111111101111111111111
0.648456057007		111111111111101111111111111111111111111111
0.648456057007		111111111111101111111111111111111111111111
0.648456057007		111111111111111111111111111111111111111110
0.648456057007		111111111111111111111111111111111110111111
0.648456057007		111111111111111111111111111111111111111110
0.648456057007		111111111111111111111111111101111111111111
0.648456057007		111111111111111111111111111111111110111111


Nova execucao:
0.598574821853		000000000000000000000000000000000000100000000000000000000000000000000
0.598574821853		000000000000000000000000000000000000100000000000000000000000000000000
0.598574821853		000000000000000000000000000000000000100000000000000000000000000000000
0.567695961995		000000000000000000000000000000000001000000000000000000000000000000000
0.567695961995		000000000000000000000000000000000001000000000000000000000000000000000
0.567695961995		000000000000000000000000000000000001000000000000000000000000000000000
0.567695961995		000000000000000000000000000000000001000000000000000000000000000000000
0.567695961995		000000000000000000000000000000000001000000000000000000000000000000000
0.567695961995		000000000000000000000000000000000001000000000000000000000000000000000
0.567695961995		000000000000000000000000000000000001000000000000000000000000000000000


Nova execucao:
0.657957244656		110011100111101110001010100111110110100111
0.657957244656		101000110110100010100000010001011010111100
0.655581947743		111001111100001110001110001000010110010110
0.648456057007		011100011100010110010110101010011111000100
0.648456057007		111111111111111111111111111111111110111111
0.648456057007		111111111111111111111110111111111111111111
0.648456057007		111111110111111111111111111111111111111111
0.648456057007		111111111111101111111111111111111111111111
0.648456057007		111111111111111111111111111101111111111111
0.648456057007		111111110111111111111111111111111111111111
